6,3
6,1
5,39
5,37
5,36
5,35
5,34
5,33
5,32
5,31
5,30
5,29
5,28
5,27
5,26
5,25
5,24
5,23
5,22
5,21
5,20
5,19
5,18
5,17
5,16
5,15
5,14
5,13
5,12
5,11
5,10
5,9
5,8
5,7
5,6
5,5
5,4
5,2
5,0
4,3
4,2
4,1
4,0
3,6
3,5
3,4
3,3
3,2
3,1
3,0
2,3
2,2
2,1
2,0
1,3
1,2
1,1
1,0
0,440
0,438
0,417
0,415
0,409
0,408
0,394
0,377
0,374
0,366
0,357
0,355
0,352
0,349
0,344
5,1
5,38
5,3
0,339
0,337
0,331
0,330
0,322
0,243
0,0
0,9
0,310
0,305
0,308
0,304
0,303
0,302
0,307
0,12
0,10
0,8
0,436
0,300
0,435
0,299
0,434
0,298
0,433
0,297
0,432
0,296
0,431
0,295
0,430
0,294
0,429
0,293
0,428
0,292
0,427
0,291
0,426
0,290
0,425
0,289
0,424
0,288
0,423
0,287
0,422
0,286
0,421
0,285
0,420
0,284
0,419
0,283
0,418
0,282
0,448
0,281
0,416
0,280
0,279
0,414
0,278
0,413
0,277
0,412
0,276
0,411
0,275
0,410
0,274
0,273
0,407
0,272
0,406
0,271
0,328
0,270
0,324
0,269
0,403
0,268
0,402
0,267
0,401
0,266
0,400
0,265
0,399
0,264
0,398
0,263
0,397
0,262
0,396
0,261
0,395
0,260
0,358
0,259
0,393
0,258
0,392
0,257
0,391
0,256
0,320
0,255
0,389
0,254
0,388
0,253
0,387
0,252
0,386
0,251
0,385
0,250
0,384
0,249
0,383
0,248
0,382
0,247
0,381
0,246
0,380
0,245
0,379
0,244
0,378
0,242
0,449
0,241
0,376
0,240
0,375
0,239
0,405
0,238
0,373
0,237
0,372
0,236
0,371
0,235
0,370
0,234
0,369
0,233
0,323
0,232
0,368
0,231
0,316
0,230
0,343
0,229
0,365
0,228
0,364
0,227
0,363
0,226
0,362
0,225
0,361
0,224
0,447
0,223
0,359
0,222
0,321
0,221
0,404
0,220
0,356
0,219
0,314
0,218
0,354
0,217
0,353
0,216
0,336
0,215
0,315
0,214
0,350
0,213
0,313
0,212
0,348
0,211
0,347
0,210
0,346
0,209
0,345
0,208
0,453
0,207
0,335
0,206
0,342
0,205
0,341
0,204
0,441
0,203
0,334
0,202
0,338
0,201
0,445
0,200
0,360
0,199
0,351
0,198
0,443
0,197
0,390
0,196
0,451
0,195
0,450
0,194
0,333
0,193
0,329
0,192
0,444
0,63
0,367
0,62
0,439
0,61
0,332
0,60
0,437
0,59
0,325
0,58
0,327
0,57
0,317
0,56
0,318
0,55
0,452
0,54
0,326
0,53
0,442
0,52
0,446
0,51
0,319
0,50
0,340
0,49
0,312
0,48
0,311
0,47
0,309
0,46
0,306
0,45
0,301
0,6
0,5
0,1
0,11
0,4
0,2
0,3
0,7
